2.752218355682864784e-02 1.958049027106151599e-02 -1.769960893627735635e-02 1.421263600491560510e-02 -1.667684778743011922e-02 2.534973959725285789e-02 5.012637726309162461e-03 5.295404020985855498e-03 -1.510797927448094893e-02 3.365420064498132573e-03 1.535039974041595406e-03 1.084569157042677111e-02 -3.679755495267523352e-02 1.939035256820662717e-02 1.693943861358787953e-02 2.828833785538117842e-03 -1.343978059657805271e-02 -1.185083232976888445e-02 1.941689620891310286e-03 1.193838070352334912e-02
7.936533930637328094e-02 3.633904809316923501e-02 1.447242932501472366e-02 9.821961986296871144e-03 -3.200067579843010861e-03 1.514600685716083368e-02 1.071616854596966692e-02 2.032061149171804360e-02 -1.107508743468449061e-02 8.243400890425241906e-03 -5.768464818402565392e-02 -2.370475704323948482e-03 -3.557299340831410889e-02 1.059944008725139178e-02 -3.554524957240649818e-02 3.765787836055802668e-02 -1.796225241986848867e-02 -1.006723229373467608e-02 3.905334969738947365e-02 -1.037429436095298630e-03
2.828017045590021025e-02 2.560427586933818490e-03 -1.009422699771389195e-02 1.358245019064856359e-03 1.712693886495331511e-02 8.191269759332472922e-03 -1.623099242958348344e-03 5.138991145545507809e-03 -5.212082832102504781e-03 1.233944838791370575e-02 -6.927362151275789047e-03 1.241355105193289558e-02 -4.795456482191749054e-02 6.887332701495958026e-03 6.225912292557056818e-03 7.188678434710538828e-03 -1.411212733960881885e-02 -1.825622749029872163e-02 -4.586344956040673722e-03 1.706154489113395276e-02
-4.377216915797972618e-02 -1.470838982091980836e-02 -3.156935253866544056e-02 6.064488932326599427e-03 -7.367702943723838070e-03 2.229653379211552280e-02 -6.665534485488685580e-03 -1.401059785892399927e-02 -1.516142582602795705e-03 -1.162543267690134639e-03 4.063892340842545359e-02 9.908285933427360762e-03 -1.060614561075572809e-02 1.117365962301216688e-02 4.709360796750416273e-02 -3.069456558161652582e-02 3.840524502825571652e-03 -5.303006027553650199e-03 -3.723239786815377844e-02 1.296811591508050497e-02
2.542273959971938849e-02 6.071158898376468813e-03 1.580727251299392580e-02 -8.333410969559843949e-04 2.528984073117998381e-03 -1.555864565740700499e-02 2.902852217048258309e-03 4.517854529062998239e-03 -7.355578671057873101e-04 1.036066357637025663e-03 -1.594632480502435057e-02 -9.940839423842386460e-03 5.628237891270367749e-03 -6.325559612914384740e-03 -2.414761041568816435e-02 1.591392373031398633e-02 4.786915670318783755e-04 1.761603528581660904e-03 2.696958087544294377e-02 -9.357887314336009107e-03
-2.894855493543883190e-02 -1.302224464886221449e-02 -6.944591053029368181e-03 -1.899843197271281143e-03 4.006692835849863673e-04 -1.020467933218000001e-03 -3.745649976439664568e-03 -8.508025132280640224e-03 3.957582687745299366e-03 -2.576114104521836506e-03 1.980120068025991928e-02 -6.464264842727480628e-04 1.063777514692700737e-02 -2.296014910376377016e-03 1.502440583481848627e-02 -1.483859375749468912e-02 6.724446044001255139e-03 2.064286340290042484e-03 -1.498428961178411949e-02 6.835957608634548720e-04
4.153829967109697735e-02 2.182104322603715951e-02 2.703859814139744286e-02 1.115648788130949509e-03 -8.826967503432002482e-03 -1.374812130032390146e-02 8.538529334075055377e-03 1.198242773567354154e-02 -2.325123572244549609e-03 -3.336254296817546972e-03 -3.656347966141899192e-02 -1.296287033340907252e-02 1.828474010993379542e-02 -5.565269443599177648e-03 -4.282511165013636739e-02 2.854542103500719991e-02 -1.351297333017204743e-03 9.063456221565527327e-03 4.283380048002919521e-02 -1.773253032970061038e-02
4.834010497625425978e-02 1.998729988300815275e-02 2.193212688914654082e-02 -1.898522521280707111e-03 1.869187190431975979e-03 -8.315765907664156645e-03 1.149846925455253258e-02 1.390396965115367998e-02 -5.398540572285961958e-03 1.975851656425640663e-03 -3.640769110835655187e-02 -6.536280071123240325e-03 -3.383095446976953739e-03 -1.269473079125761844e-03 -3.419838749095990144e-02 2.424182201120677477e-02 -1.139391886481757807e-02 7.748794418363396698e-04 3.396499141548126738e-02 -9.069602147508055642e-03
-9.004366327272596282e-02 -2.978009947821324763e-02 -2.163808498126409616e-02 -4.316701289427735296e-03 -1.082355149241495673e-02 3.001510153472824929e-03 -1.129754547555164752e-02 -1.977965132996812106e-02 1.079910674502433145e-02 -1.258582745456659525e-02 5.662907910385333449e-02 6.794551426797497753e-03 3.950324937644476148e-02 -3.913302456311914049e-03 4.401307565569601704e-02 -4.176126606902783728e-02 1.982042725687976556e-02 1.293408565374041565e-02 -5.087085925244846235e-02 3.216070053181262905e-03
-8.674710452636423541e-02 -4.631436372872563961e-02 -1.591867021111096443e-03 -1.291600161861927547e-02 6.441851940003340098e-03 -3.584406489942583429e-02 -1.316486614616228269e-02 -2.696152997869302043e-02 1.745221024892364137e-02 -1.030731986285525481e-02 5.946740064828899552e-02 -1.609548011066227330e-02 6.172349600642768053e-02 -2.275779735388491765e-02 2.088559586489509984e-02 -3.631852480696949603e-02 3.082255680454719371e-02 1.687032046943231708e-02 -2.088308423349432771e-02 -1.463214921328367772e-02
-1.978409101046907370e-02 -6.701695109296257292e-04 -1.241268908013536121e-03 -1.910846118488536806e-03 -7.794417700491431018e-03 3.151570547167789615e-03 -1.736575551332848050e-03 2.162180043525573428e-03 3.275893137956175337e-03 -4.745561678418347244e-03 6.570276224167632267e-03 7.269315896876531527e-03 1.114081269621436214e-02 -8.503559833776407235e-04 7.201933889395248194e-03 -5.942570097267566714e-03 2.739009799691099947e-03 4.896541728086810374e-03 -1.853071628013240602e-02 4.042523313557944489e-03
-4.661758612362854048e-02 -2.336362375066232400e-02 1.077862320539789073e-02 -1.108347146557381313e-02 4.996166916439420680e-03 -2.725877884151354028e-02 -9.167119687833283001e-03 -1.013655772389628583e-02 1.454998114900555618e-02 -8.271875770120153126e-03 1.877951888522770910e-02 -8.757717933410846811e-03 4.956770218436650638e-02 -1.904756797236871468e-02 -5.814643424927290818e-03 -1.025969894225269713e-02 2.164958402629345996e-02 1.751471605203983040e-02 -8.070236718750910948e-03 -1.252428514427237662e-02
-9.502508428293992074e-03 6.158577663497068200e-03 6.006889368933514446e-03 7.053326987660281421e-04 -1.561866776581119845e-02 -1.815857131355991811e-05 1.153148311488805559e-03 4.886867777426650433e-03 1.917753834632597099e-03 -6.538017942972545668e-03 3.973851952953356802e-05 1.480467607189235374e-03 1.755203978884797844e-02 -1.872890564696774686e-03 -1.669071055623166065e-03 7.083828793786549859e-04 3.800653605759429787e-03 6.583719842870506059e-03 -6.506363890668658868e-03 -7.579751992757261620e-04
4.876233939103229165e-02 1.686727717034250049e-02 1.043253289203834380e-02 5.140872512364706541e-03 2.162837033513526509e-03 4.347589833466563788e-03 1.117509903136873137e-02 6.166660208808679572e-03 -7.577726845103226021e-03 6.152270907063438730e-03 -3.018955452000249978e-02 -1.285689466796812591e-02 -1.995857932647469857e-02 5.194236611274658140e-03 -2.004805711361306794e-02 1.692332602588949783e-02 -1.228567406842011323e-02 -9.217308034927937724e-03 3.415610700315497433e-02 -6.965103276789601922e-03
2.242596514700790494e-02 6.688665006440535493e-03 -1.998119032054668925e-02 6.310310707647965797e-03 1.042509413798202098e-02 3.141824856157174328e-02 9.680392632956359375e-05 3.519868603387017649e-03 -7.489774914349078480e-03 1.161696885295997704e-02 -1.054602890151388854e-02 1.437442257240994364e-02 -5.401234937090036714e-02 1.722758890707718621e-02 1.802581119504600982e-02 -3.703157486501730176e-04 -1.599419983369394435e-02 -1.847431081140378517e-02 -1.508278645054991242e-02 1.910486062262198650e-02
-6.452781216420643007e-02 -3.011490146701410048e-02 -1.125671833600829126e-02 -6.022551135173641497e-03 6.741271847141976428e-03 -5.619214896498554409e-04 -9.909776852072962883e-03 -1.940949000254098625e-02 1.266793090345884505e-02 -4.901368467004505944e-03 3.125342830996719057e-02 -5.441957609924229916e-03 2.939090581793901008e-02 -6.576463689448771785e-03 2.399154023813719269e-02 -2.967557188017477809e-02 1.783342537051086155e-02 8.978011094505142578e-03 -2.976357055172706295e-02 -4.222294752699973230e-03
1.152238667162126945e-01 5.282073275007204832e-02 -2.551119003774776281e-02 2.333015036376906437e-02 7.550319114368134752e-04 6.813506545642240841e-02 1.521427903951640646e-02 2.858053343178106401e-02 -3.047092650215065673e-02 2.491518298395958494e-02 -5.625092592102867717e-02 3.068224173061164309e-02 -1.320128422417713721e-01 4.412840197010520216e-02 1.054851812628151107e-02 3.152608312789285938e-02 -5.112596554052221964e-02 -4.466157024164283534e-02 5.923055089953907157e-03 3.994882048627488441e-02
-1.991216859136120398e-02 -1.306783036825259758e-02 -7.145305779054308710e-04 -3.144542694278959147e-03 4.212864860855224103e-03 -1.009074623412130507e-02 -2.260103634146404077e-03 -9.480716982693499634e-03 4.170924409711592243e-03 -1.925804497589042163e-03 1.514230098214641371e-02 -8.005027147647163221e-03 1.490203363948881116e-02 -6.191087864638116812e-03 4.480334011139498057e-03 -1.004588992968998874e-02 7.045704221261454327e-03 2.502395927173825269e-03 2.566182213205701217e-04 -6.211866418469778710e-03
3.429254103387235908e-02 6.658590188582303240e-03 5.897367791720523056e-03 7.017404023201361495e-04 1.434073696589088093e-02 5.248080367891629072e-03 3.618412807652150558e-03 4.808763759447491626e-03 -1.509061894591507552e-03 9.056791352522082506e-03 -2.746535289212416464e-02 -4.859476911039008716e-03 -2.535081964913463506e-02 2.453278106967847049e-03 -1.432532665352116881e-02 1.357539998284662368e-02 -9.341030595872238870e-03 -1.034417940238521218e-02 1.508745211541665833e-02 8.329214761694208723e-04
3.892236420266652341e-02 2.404399425282940581e-02 3.261746219511375139e-02 -4.415502844404450844e-03 -8.476387443051111581e-03 -1.773702075132800940e-02 7.565805893207998983e-03 2.053170948025531337e-02 -4.224111164571774297e-04 -5.019595803188395093e-03 -4.068649925539655904e-02 -2.480697372677797500e-03 2.209917998453866939e-02 -8.582003546906925504e-03 -4.704637766357799844e-02 3.203792405430678364e-02 -2.628165603301461321e-03 1.334831298345124859e-02 3.053963219291066719e-02 -1.215877530324308009e-02
-6.714731733523934126e-03 1.369663146556767026e-02 3.608293456119022156e-03 5.874150312830336146e-03 -2.980087016903067501e-02 2.453024095582618039e-03 7.095653522217637565e-03 1.369870240105195303e-03 -4.667328102861783429e-03 -1.203146969622355053e-02 5.774649520846514977e-03 -3.958047741787418944e-03 2.923876492466203486e-02 3.271866478905909297e-03 -1.182420257463178163e-03 -1.525783064455592513e-03 3.324640467821772007e-03 1.233063068261718888e-02 9.572915038714685521e-03 -1.033166752107241536e-02
1.182670431046737441e-02 -5.582457966934020570e-03 -8.761302562214740366e-03 1.066689300998304845e-03 1.257072809824090476e-02 -2.113622888920749080e-04 8.989910071160072454e-04 -5.674568671573528185e-03 -4.735880911065987880e-03 6.762083331830488764e-03 7.492023975968704723e-03 -1.488528035062911588e-03 -2.327916151649320892e-02 3.332321035313598901e-03 8.040710723549190572e-03 -3.337595838846123264e-03 -6.339111053438583124e-03 -1.117026611389882601e-02 6.728985650672260690e-03 3.627251289102126526e-03
4.895061248698086460e-03 -4.706958658315107957e-03 -3.100435416186300176e-03 8.074461196561976773e-04 5.111874394220653275e-03 -3.741698808566449805e-03 1.606854854245680494e-03 -5.309296110535821622e-03 -2.977876492128092578e-03 2.999534382232374972e-03 7.893459402780243425e-03 -5.333727627712432293e-03 -7.578102367259787440e-03 1.017996695740940082e-03 4.552715975669395683e-03 -3.491480484293944288e-03 -1.543812501190697760e-03 -4.641742923978759740e-03 8.222845735097152747e-03 -1.447816176279399705e-03
-1.048293611807887826e-02 -1.231082216513190502e-03 9.379526588904460796e-03 -4.855895635691313654e-03 -2.640160411926362714e-03 -7.610748304389580027e-03 2.160085325352091145e-03 -1.240573505433211041e-04 3.395169269329676148e-03 -5.721635787552195422e-03 -2.615506052167099714e-03 -3.814326189785075937e-03 2.471660373812299347e-02 -5.418977962983552443e-03 -9.005336244052156158e-03 -7.327508157799370947e-04 4.438515567394421026e-03 1.052114404529692730e-02 2.505706737896712822e-03 -8.215369011602583621e-03
1.593632382437534800e-01 4.124568720685151818e-02 -1.684379276831727418e-02 1.880754909487069790e-02 4.817150541732281160e-02 4.963310975411852621e-02 7.058020153072257913e-03 2.438828201832888426e-02 -2.500013193260608793e-02 4.374373972077384709e-02 -8.783568720771350868e-02 1.557449151862773384e-02 -1.648273892165875720e-01 3.386800029114336863e-02 -2.263948924301925972e-02 5.496854065310575327e-02 -5.294616277668195287e-02 -5.905916157202317079e-02 4.330155506320651493e-02 3.245643045843714380e-02
-2.785799346768080137e-02 -7.885330347801502299e-03 1.398730909958371439e-02 -9.769716997395259603e-03 -7.833211314030322442e-04 -1.159854946230938488e-02 -2.352293926685456761e-03 1.637335449965842760e-03 1.082557150838754298e-02 -7.128257032072551902e-03 -1.538092351880816170e-03 -1.781677237570497519e-03 3.497109374032963958e-02 -1.187436884695100905e-02 -8.634628067556687769e-03 -3.706368658984356482e-03 1.045040330222007756e-02 1.342276372030504032e-02 -1.372084696664448676e-02 -5.382127596694661134e-03
-2.288844737419512901e-02 9.904453395412814165e-03 -1.485940778802319340e-03 5.302741606035798506e-03 -2.906241495253694684e-02 2.029570621191814986e-02 6.209897566357154564e-03 -6.408079575282684185e-05 -9.681217068950027753e-04 -1.155426589037381740e-02 2.062525052155082285e-03 -1.510093826164226553e-03 2.684209920870107499e-02 7.763215183503272866e-03 1.072493739439615325e-02 -1.124698176793404586e-02 4.366041307458419160e-03 1.187875582341320173e-02 -1.245258153557361920e-02 -4.864916728664843253e-03
5.797635241952957957e-02 2.537238607528602419e-02 1.687900594535622287e-02 1.331893040758162262e-03 -7.513206622701093951e-04 -8.843855645072890362e-03 8.377359619013554845e-03 1.749015616140647475e-02 -8.791489313564599187e-03 2.882561300111423624e-03 -3.354218423086816753e-02 3.148623881785569175e-03 -1.461285031740391059e-02 6.270366306322475722e-04 -3.343053397272786192e-02 3.121984245173475836e-02 -1.385158707070192896e-02 -2.110330687815002108e-03 3.415481448476232612e-02 -2.079148492421994954e-03
2.549236676123617720e-02 -1.536404643110360346e-02 -1.061597019065192195e-02 -2.904960604171898976e-03 3.758764476002658672e-02 -8.528870742463346907e-03 -6.989577511364031270e-03 -5.446182111790529891e-03 -2.790030933421680862e-03 1.741218037894678994e-02 3.057418884702681455e-03 3.794181391056028474e-03 -4.866558164942746956e-02 -2.507896335557999049e-04 3.934255943727598022e-03 4.379145122119789194e-03 -7.817684140213103372e-03 -1.968630979701352715e-02 5.950201367198813471e-03 1.204889805581683959e-02
-9.461531836176893806e-03 3.339508366074675060e-03 -3.585185388190255396e-02 1.182757202924038242e-02 -4.318852408632858214e-03 4.846380877883418870e-02 -3.190054831116578230e-03 -2.815450292609731307e-03 -6.537104216286536602e-03 6.585137444416886560e-03 9.597830855238074707e-03 1.984331480198922582e-02 -4.831061124075464869e-02 2.379418564740898301e-02 4.332132270829160137e-02 -1.718128512977751959e-02 -1.120346878458479585e-02 -1.692670440974116536e-02 -3.906976088857704033e-02 2.434166635217416969e-02
-7.042656897155732953e-03 -2.106138087201627884e-03 1.957306395017855555e-02 -6.841047829667069695e-03 4.939262490556031379e-03 -3.572810720262985153e-03 -1.018657404519780806e-03 3.093341031570707306e-03 1.152010134841574551e-02 -2.859595168632434337e-03 -2.644170556456031454e-02 -1.029625951800574105e-02 2.671856723164784536e-02 -9.902410259067840476e-03 -2.280696082156814797e-02 6.816388882639240823e-03 9.406322995351202448e-03 1.059607205748389069e-02 4.638133951850191344e-04 -1.028873912545683576e-02
-6.224334413691630374e-02 -1.851961280666494791e-02 -2.313899598674495559e-02 1.913452491301909260e-03 -1.617362857691150360e-02 4.394753783071873345e-03 -5.346435492503290830e-03 -1.697867349433108616e-02 1.307797925438322195e-03 -9.803044366396056197e-03 5.372703679303943158e-02 4.316087064281440115e-03 2.316465256731915778e-02 2.592169945117149977e-03 4.155793487763592003e-02 -3.474876394441248073e-02 1.141228542646747710e-02 6.768182185686186236e-03 -3.098042768549810755e-02 2.024044741028962167e-03
5.609475415289319478e-02 2.652258784902941299e-02 1.364385287818452655e-02 4.428809958527654515e-03 -5.987956391026345859e-04 1.153895340050399565e-02 8.731768509544218446e-03 1.714353392502717538e-02 -6.538605599605701313e-03 5.706129790925824723e-03 -4.598561783277867188e-02 1.414058098892320052e-03 -2.449166478585967574e-02 6.866844858857985151e-03 -2.686355799657913490e-02 2.803929659257970233e-02 -1.431270183925033822e-02 -6.219050291578238389e-03 2.202789992596286897e-02 2.135494192616591881e-03
8.428149593134440232e-02 3.159903162449846648e-02 2.085602786723870714e-03 1.158612362746638466e-02 7.663359657622778945e-03 2.397729857446076127e-02 9.936395957478121738e-03 1.693164652801362052e-02 -1.422534634565972636e-02 1.561953709712620916e-02 -5.170179865021831689e-02 1.558082172812899537e-03 -6.366905192429359039e-02 1.691809933008845898e-02 -2.105739359389427467e-02 3.192194086951093829e-02 -2.521616404239414647e-02 -2.178356814297462488e-02 3.218509299750719338e-02 7.908986858823446181e-03
-7.503003676604085015e-02 -3.717732223841093558e-02 -2.541065164645755006e-02 -2.482565369625120387e-03 2.059332929259448126e-03 -3.625729840415027778e-03 -1.071763773095278129e-02 -2.721828003431633544e-02 6.950201191744160081e-03 -5.075703870146857331e-03 6.262123594979894514e-02 -3.349526133802349648e-03 2.157259012801056655e-02 -3.392174917631485959e-03 4.608819976550205394e-02 -4.279689804842545103e-02 1.747190928568299884e-02 3.082270416043216606e-03 -3.367824618042494084e-02 6.254139942529588370e-04
-2.385770961076930097e-02 -3.379628625182676954e-02 -2.057945222426096551e-02 -6.503529758670916969e-03 3.326942929541271826e-02 -1.548590758167496702e-02 -1.239763720409556465e-02 -1.809904069230725693e-02 3.405612058315139311e-03 1.003671930273675530e-02 3.870191069235204284e-02 3.107901845320042850e-03 -2.287155657121146823e-02 -5.824223162677306422e-03 2.503401514708527772e-02 -1.915575791253805102e-02 3.054383743071461925e-03 -1.300726673970390053e-02 -1.387327302522175197e-02 9.160915686043354447e-03
8.228882119621278024e-03 -1.073684390517140423e-03 -4.163776745244902465e-04 1.939561889543046881e-03 -1.194398666215706895e-03 -1.298291945856638006e-02 2.934975621674811713e-03 -5.244762223305146978e-03 -4.980615137524425744e-03 -1.634261019920558772e-04 1.248691557438847896e-02 -8.033001153857494137e-03 1.983684569081701349e-03 -1.296757666954198411e-03 -1.411007795559182263e-03 -1.966491974390191749e-04 -7.482157570831851970e-04 -1.208134377098325470e-03 2.117923434586264572e-02 -7.668709749265803163e-03
-1.058207883653868725e-01 -3.264305183206332034e-02 2.039092508640924506e-02 -1.858211210508623271e-02 -1.695559952891539587e-02 -3.257110291491342041e-02 -5.620714178399856265e-03 -1.580184802852083528e-02 2.421464303280556479e-02 -2.592312084642705086e-02 3.803823122175795796e-02 -1.702247813610291427e-02 1.129605670648924087e-01 -2.755750640404267329e-02 2.124985418270162237e-03 -3.353627065684440522e-02 3.688297410887033528e-02 4.049218969304878291e-02 -2.914048628968561941e-02 -2.620914366603792345e-02
1.978100116977609194e-02 4.355951721469594404e-03 8.071405793087887926e-04 1.618362832961954328e-03 2.866811873519378717e-03 -1.126130424285047777e-03 4.430504090389593419e-03 -2.009150544741066457e-04 -5.405845296281591543e-03 2.434113952434264171e-03 -4.747473087507811211e-03 -3.105609368662025447e-03 -9.654129011924982712e-03 2.634920859162407248e-03 -4.742315212508495595e-03 4.927055887624971417e-03 -5.417270909569132757e-03 -3.921521532236067580e-03 1.545585041441963937e-02 -1.772580544831438808e-03
-1.456940406013057174e-02 -4.640397603970437997e-03 -1.353215473417938505e-02 5.065902287066838781e-03 -2.481391989103841258e-03 6.866873383610831369e-03 -7.287275222080977916e-03 -5.851300151337435890e-03 1.642690743938922870e-03 5.216461351101639009e-04 1.329528971554450045e-02 3.088892969035077207e-03 -5.502326554666369350e-03 2.559495053066975900e-03 1.309455388818449133e-02 -6.072114446584567053e-03 4.340604784124769966e-03 -2.948298238567369656e-03 -8.978809602175466531e-03 3.187286879345609027e-03
5.578658408653376644e-02 3.824948542302041704e-02 -1.552079966841416435e-02 2.282848123089667447e-02 -2.491146450937728810e-02 4.565733616487077651e-02 1.120724079301848100e-02 1.053854499742399448e-02 -1.990655952832048187e-02 4.386471983209292921e-03 -2.756101670953759256e-02 5.950038280632122950e-03 -4.699996233234768339e-02 2.901178421134204682e-02 4.992753432737168096e-03 1.510370452287924763e-02 -1.968089928580887826e-02 -1.389587321935130231e-02 1.831583409121399775e-02 7.638812140927037433e-03
-4.078211786212605772e-02 -1.319443371880504867e-02 1.248026383248873085e-02 -9.290374285967241755e-03 -1.230397593528642468e-02 -3.619295209954118131e-02 -2.020476577586251613e-03 -5.947943923151796132e-03 6.486710495886512107e-03 -1.435100416160945379e-02 3.247314885613115931e-02 -5.357855382141880549e-03 5.794009397033258318e-02 -1.755275698013858063e-02 -3.911036652474056234e-03 -9.880212014170629276e-03 1.653378303216126305e-02 2.077969897516936462e-02 1.230717249882933234e-03 -1.396589287064059319e-02
-3.251999742573104257e-02 -1.538579006260984774e-02 -7.600287950481812889e-03 -1.684036779044644633e-03 -1.676898341477421010e-03 -6.091081423888585616e-03 -2.873878509848723419e-03 -1.130280732572923677e-02 2.908356042263941007e-03 -3.376992433827060748e-03 2.858254055009667657e-02 -3.984112166936042837e-03 1.461510773837676469e-02 -3.100539819416859265e-03 1.800467370005692444e-02 -1.835431818105897131e-02 7.644693488336301232e-03 2.675018357117246726e-03 -1.105439386211940628e-02 -2.149963163344723125e-03
-8.688208945981509834e-02 -3.586379681675364028e-02 -2.944857355555076731e-02 -2.705827426811783457e-03 -5.638650689464942863e-03 -1.656188381478867220e-03 -1.253200624981658066e-02 -2.491836318316103388e-02 6.560021666979765770e-03 -8.827140417626701263e-03 7.154179380646273623e-02 6.307303416611677663e-03 2.663447998938632891e-02 -2.327904811058839878e-03 5.350967766897572753e-02 -4.616577653795975872e-02 1.843657498605271589e-02 6.850274585266307587e-03 -4.691004705779023426e-02 5.859052489453240101e-03
-2.260886420446205775e-02 7.163371666301340465e-03 2.294392780516888580e-02 -4.635544181121461702e-03 -2.521781229852585599e-02 -1.521209552273956357e-02 3.309761663330364635e-03 5.731428728569154009e-03 6.630934490278996007e-03 -1.706076630399658636e-02 -4.567150878867809113e-03 -6.439478210626425371e-03 6.163790093473497239e-02 -1.142284499816306406e-02 -2.076912453592786797e-02 3.667496328693827055e-03 1.415663337612651715e-02 2.568468079593886830e-02 4.239347515937718844e-03 -1.683082779641964510e-02
-9.962123210898876646e-02 -3.879595028259075901e-02 9.905909693798420693e-03 -1.533631249341782347e-02 -8.377144712755052458e-03 -3.840301512152366481e-02 -1.171680009034420551e-02 -2.180828740446032199e-02 2.190562988600374891e-02 -2.056866254054537380e-02 5.084847059135504110e-02 -1.525582346649408984e-02 9.545972845517901317e-02 -2.749571168595212403e-02 7.912145347226460027e-03 -3.226666495306137333e-02 3.710628550152928612e-02 3.226596054103130634e-02 -2.242421878886238090e-02 -2.244079308321208360e-02
-7.072676634472807589e-02 -1.283141756772641223e-02 -9.907379831061810527e-03 3.749307647467847954e-05 -3.144041492503181490e-02 -7.928833728831874124e-04 7.015197465425685719e-07 -1.430048878252341595e-02 3.023593829494916965e-03 -1.880151147943378079e-02 4.929138048673045724e-02 -2.323110207896811937e-03 5.544761369119347721e-02 -1.285472711698261048e-03 3.135468885293609537e-02 -3.422492912342692956e-02 1.700730172608820243e-02 1.994884547390711818e-02 -2.563947957333134395e-02 -8.554122049356596008e-03
-1.701625314047874524e-02 -3.400634972937848811e-03 -1.296628454379292715e-02 4.829554612888281584e-03 -5.838847735248940164e-03 1.576807502649804280e-02 -9.664619222882758634e-04 -7.367991504975746932e-03 -6.405967637738650125e-04 -1.101315939013852415e-03 1.056847406104460471e-02 -9.566805465179659823e-04 -1.555508611450192279e-03 7.041038498392233197e-03 1.765873142266376553e-02 -1.297192688312210837e-02 1.942982174075690710e-03 -9.816900279756336518e-04 -1.067504700500401978e-02 7.747668792987587793e-04
1.003000149957519391e-02 -5.497840876158187166e-03 2.089471014220116094e-02 -7.783073591633224778e-03 1.281333742124320801e-02 -2.706896997568686639e-02 2.005750310923292218e-05 -1.548668593321819687e-04 6.359269152676538805e-03 2.900484574644127578e-04 -1.298266094628174917e-02 -1.469342866337071569e-02 2.004184222064341395e-02 -1.513898953214933701e-02 -2.859167254862865493e-02 1.193851214078388116e-02 5.953740944115570345e-03 5.456312354748544396e-03 2.484073259158369601e-02 -1.422345447246150911e-02
5.483441317568087114e-02 -2.466466652003946984e-03 -2.215723971233393708e-02 3.879698261304190092e-03 4.832291082613689864e-02 2.370910743230562195e-02 -1.019428329334205394e-02 5.366594905492708296e-03 -3.851082238843317549e-03 2.996207862299904087e-02 -2.757827998289073476e-02 1.683698447956761060e-02 -1.020760948919925831e-01 1.237809022635041542e-02 6.803659737010824861e-03 1.589056956941349227e-02 -2.234118524836414127e-02 -3.917562306767431030e-02 -8.171576203576698741e-03 3.017660930951697462e-02
8.320372701096538648e-02 1.452736265314116988e-02 1.291600605229039495e-02 -1.916621777374215643e-04 3.590000743091514152e-02 -3.986244882085657019e-03 1.613653987796323302e-03 1.436354698224037024e-02 -4.371832611797757395e-03 2.081293121346671979e-02 -5.463666558271471074e-02 -1.373059588415249509e-03 -5.918740209868975782e-02 1.423793747420410143e-04 -3.888210311300038108e-02 3.946099855030992670e-02 -1.951934611449491347e-02 -2.199303015096751995e-02 3.810515978843517088e-02 5.347131252978824280e-03
-9.213945211242700883e-02 -4.179255426225023107e-02 -7.913263165758932863e-03 -8.912937539891691366e-03 -4.485372388610435121e-03 -3.016628294733150750e-02 -1.300910019438587112e-02 -2.671050438612059333e-02 1.480521226956859823e-02 -1.342937265024714798e-02 6.741001700435657329e-02 -1.217388014404960708e-02 6.291870838334169547e-02 -1.883562697300114955e-02 2.847220733187678238e-02 -3.957376787025082554e-02 3.028305285030969546e-02 1.774060884718570499e-02 -2.455924026671490318e-02 -1.328549355730907107e-02
-1.663241873368102863e-01 -4.756848946163299424e-02 1.729433694074394151e-02 -2.173421980226154099e-02 -3.355857662768670785e-02 -3.997411041585347685e-02 -1.398015441352242968e-02 -2.613562655065837861e-02 3.391661272263837151e-02 -4.014625026285215809e-02 6.873188460803439370e-02 -1.674340715355128115e-02 1.638582608667583651e-01 -3.590416654530033391e-02 1.527718302771621968e-02 -5.280063757193476787e-02 5.805488005824872150e-02 6.036573377021469539e-02 -5.203945009683587364e-02 -3.348962435877931437e-02
-2.352875113375477514e-02 -2.502252254990077959e-02 8.450715337594276455e-03 -9.270343813441852404e-03 2.273479610056108532e-02 -2.381174534238714169e-02 -1.066543374009252913e-02 -1.122327495720606798e-02 1.384954137211747219e-02 1.819513746140736903e-03 5.024516830596004006e-03 -1.340936297892303918e-02 2.171206229722825315e-02 -1.732863526572066618e-02 -1.113686893926498812e-02 -3.065844515970334895e-03 1.611416506714186819e-02 5.275017692829209702e-03 2.722693455514241332e-03 -1.042333308547089589e-02
3.042592488508296875e-02 6.403843616518998388e-03 -5.157148611210626669e-03 6.758168557423347225e-03 1.889925581700867578e-03 6.799885404238600363e-04 4.859804788985718459e-03 -1.757318294882140091e-03 -9.757862974951833634e-03 6.000836715098646808e-03 6.124873797167506835e-05 -5.775164827752973969e-03 -2.445457079951590326e-02 6.583801871066378118e-03 1.703033187946845651e-04 5.350307931080818674e-03 -8.740041729924997657e-03 -1.094482527207797651e-02 2.370638534973820710e-02 -1.118530162123156655e-03
-1.359588003053115168e-02 -9.913283845355161470e-04 1.668265922210733498e-02 -7.298460039744280453e-03 -7.595922092995230183e-03 -2.111383492898768685e-02 1.530046939035086201e-03 3.112664221373937206e-03 4.880176446584039672e-03 -8.717365899342828864e-03 2.579353617266208140e-03 -3.844913439510680604e-03 3.707742293778491793e-02 -1.160296541813186054e-02 -1.456993052515541225e-02 2.146364523038256800e-03 7.655143931436258521e-03 1.461890819390980999e-02 4.659458793053725990e-03 -1.020457439952724907e-02
-3.754033992520634799e-02 -1.794209848447010994e-02 1.624118051605348903e-02 -1.059272039077337538e-02 3.899722176254579939e-03 -2.380306404640787979e-02 -6.565803581986186938e-03 -6.509332496668005820e-03 1.515190736115829863e-02 -7.396171868954641744e-03 6.034988165855043919e-03 -1.196398383355564907e-02 4.809077245710248472e-02 -1.864309278005011131e-02 -1.257707445746476978e-02 -5.344589886346756691e-03 1.946117757517691269e-02 1.648493004811671728e-02 -4.191698395467323597e-03 -1.393241839119284918e-02
-7.862631112870734074e-02 -2.497831040387144680e-02 1.915518238532417294e-03 -1.131798250684454971e-02 -1.410591127686240155e-02 -2.349710933554750858e-02 -4.831289060464930701e-03 -1.335449487905099840e-02 1.177308767616945355e-02 -1.761946038135210266e-02 4.791069177645648075e-02 -3.335417377245431317e-03 6.733100103712059969e-02 -1.548114217926216223e-02 1.782573588427209185e-02 -3.083924862855304955e-02 2.161141822796465786e-02 2.344675467682542924e-02 -2.699651859660994260e-02 -1.100572314887039889e-02
2.416261120122384018e-02 1.463564181141246458e-02 1.133532147637847723e-02 1.262150590977476668e-03 -1.127705865678018705e-02 1.449028973054392044e-03 1.536675320512011396e-02 4.968502826792219398e-03 -8.529963698715852319e-03 -2.786943604991712169e-03 -1.222633564327570144e-02 -8.642720445078378236e-03 4.524294499308085214e-03 4.903842022136381540e-03 -8.962633928890849019e-03 4.237591775754800429e-03 -9.313769142762310174e-03 1.552773071121324889e-03 2.063094428133463443e-02 -7.486743178849943232e-03
5.868039207333629326e-02 3.849879677851821003e-02 1.024865536978900385e-02 6.377735043874906140e-03 -1.074263966226069768e-02 2.406642599977036612e-02 8.385219327182840895e-03 2.813358723357626753e-02 -8.476668342943435505e-03 4.028783712514862406e-03 -5.226161511832736611e-02 1.711896288494173593e-02 -3.331481039009676071e-02 1.236382571078840573e-02 -2.306225031084176147e-02 3.207319603459029417e-02 -1.990359854120070035e-02 -6.464593296376094055e-03 5.314084671138683859e-03 1.297771117766816085e-02
-1.225702385312200104e-01 -4.630480202548988705e-02 8.944884596033129270e-03 -1.736809932017384719e-02 -1.230553743272168321e-02 -4.224043352518937894e-02 -1.334860850561542939e-02 -2.648730868980923858e-02 2.524171442522194983e-02 -2.509271839274289026e-02 6.392426664175114570e-02 -1.815014791837746971e-02 1.130590545433447502e-01 -3.077335851362519512e-02 1.414658725936260297e-02 -4.244676525212383311e-02 4.364848981978550896e-02 3.825491999619207856e-02 -2.977202500784090211e-02 -2.666508264255591787e-02
-8.740432567209208007e-04 -1.757276471515214697e-02 1.634600460987062007e-02 -1.049543401448626775e-02 2.039836644347988934e-02 -3.470241864272387983e-02 -1.917430900405852441e-03 -5.933274921724679754e-03 6.702017300358175181e-03 2.512161768781856052e-03 4.742769508026452481e-03 -1.493309670176025568e-02 1.615729425818144063e-02 -1.735574648342391724e-02 -1.705796596567104098e-02 2.769416381046640226e-03 7.334343295387113319e-03 2.070432079374672288e-03 1.814031547434737449e-02 -1.069957477666853840e-02
-1.180353543058098587e-01 -4.698896271124881202e-02 -2.343089862815540391e-03 -1.249027909955520085e-02 -1.216870379310333941e-02 -3.239457014152227060e-02 -1.148099417298975057e-02 -3.168668819850480045e-02 1.966262202710753956e-02 -2.188626205345029635e-02 7.249240682882739095e-02 -1.760554587140612456e-02 9.580731776824175094e-02 -2.298303516633721372e-02 2.836004129852384009e-02 -4.836230478570411467e-02 3.917790406368717310e-02 3.062143719609483963e-02 -3.009251417153486000e-02 -2.182413129471778152e-02
-9.696410653039109692e-03 -1.422211888236494561e-02 -2.107503820907035558e-02 2.344613858751011873e-03 1.209194173188650641e-02 1.674306913368317365e-03 -7.004919078148694189e-03 -1.066080708916214946e-02 -2.719696187942731436e-03 6.206472427124395952e-03 2.674401152817202504e-02 6.906752416381395886e-03 -2.485639727749680561e-02 3.771274681791866260e-03 2.408659432730109878e-02 -1.182778439429209814e-02 -1.230124549148348730e-03 -1.138943601610131057e-02 -1.088029788481174182e-02 1.093623209050003688e-02
-3.309623313468348926e-02 -2.021442144394264805e-03 -3.811963872205424708e-02 1.206180583425363675e-02 -1.786230459476588830e-02 3.871560270877696247e-02 -1.276998330319647828e-03 -1.028773711572910678e-02 -7.527462277098266596e-03 -1.295777770253515610e-03 3.604839102819971941e-02 1.512338006917487640e-02 -2.380521330349348944e-02 2.137652156080059249e-02 5.395166455338475109e-02 -2.993882141571945626e-02 -5.122724820754772680e-03 -9.410523376871217024e-03 -3.826413437391938677e-02 1.732590524068492593e-02
3.411340691825416518e-03 -4.631597906198171508e-03 -1.456988647478609303e-02 1.201996704426531309e-03 1.322138114201292999e-02 1.569902086907074695e-02 -3.307817614827053641e-03 -9.895859542649598772e-04 -1.514661860119992636e-03 8.965778543770251685e-03 1.279322191014898398e-03 1.008274788516207512e-02 -3.494205096536646266e-02 7.802172064604755153e-03 1.715956361044498890e-02 -5.031756536538970447e-03 -7.671200011615150229e-03 -1.328681430951091959e-02 -1.818177614060273450e-02 1.531665962665059756e-02
6.704747474385534811e-02 6.918832438843685109e-03 2.031579886062254842e-02 -5.052796443734125856e-03 3.614803727492559710e-02 -1.375962731544298247e-02 -1.002856720683015294e-04 1.299994942454680072e-02 1.079225040963768031e-03 1.772337081729583388e-02 -5.027762052988601904e-02 -6.272944926423803906e-03 -4.003281875151581265e-02 -7.069965448295236973e-03 -4.170404756331674151e-02 3.520666480846823543e-02 -1.185909924938130001e-02 -1.540956212425916537e-02 3.356324741841509862e-02 6.127333834984222171e-04
-8.634267161367890908e-02 -9.742317469921917689e-03 1.910140592966698067e-02 -8.773922412102810181e-03 -3.973693033372483613e-02 -1.398747983713377954e-02 5.973916540798622802e-04 -6.991011095743153089e-03 1.630930026962994911e-02 -2.979405773826612758e-02 2.424092094904534492e-02 -1.251020453697625733e-02 1.083529842735084514e-01 -1.654256747125857838e-02 -2.682754850377718305e-04 -2.462723297427447250e-02 3.084463165652335040e-02 4.143236532303714442e-02 -2.276137570277546665e-02 -2.501683313610527509e-02
2.495554966348773052e-02 3.385653865709877669e-03 5.836945623815193579e-03 -2.626505126721844722e-03 1.338520300415341029e-02 2.017597742602936055e-03 3.820461815828269346e-03 5.784081875909984245e-03 -1.299050855474155435e-03 7.645962236343671267e-03 -1.890933731808266266e-02 -4.792168081409035082e-04 -2.180885068059601473e-02 1.296428457475944790e-03 -8.223008550506252096e-03 8.298207648717604093e-03 -9.224028280560112036e-03 -8.670821504550984757e-03 5.019760700567329689e-03 4.312563073045146481e-03
1.202773705181754693e-01 3.796951891930433476e-02 1.415611259737509751e-02 8.220182876143252923e-03 2.224150903821351874e-02 1.665583911199262912e-02 1.347463401220645556e-02 2.433756452021309732e-02 -1.622478504944307662e-02 2.269093030214546988e-02 -7.653516596919987536e-02 -4.801883367431400906e-04 -7.973141384733925530e-02 1.481526420189472303e-02 -4.223535768106864013e-02 4.941790778612906165e-02 -3.300354769822529816e-02 -2.679696919103493127e-02 5.109445936646803826e-02 7.523718988080978567e-03
6.231215328027634587e-02 4.763058155110372338e-02 5.592896311511915634e-04 1.519570510412087197e-02 -2.208924557498808880e-02 5.490307360551300447e-02 1.408446916574646046e-02 2.648504767554306707e-02 -1.328177050254842131e-02 4.390865003516812581e-03 -6.102235889684079484e-02 1.528773702835164484e-02 -4.601665140792766950e-02 2.680553160478040681e-02 -9.384057551887063295e-03 2.559778350983537773e-02 -2.452266418010935062e-02 -1.106501553377413696e-02 -1.302705154203494730e-03 1.605574766310989554e-02
-4.590481931620687961e-02 -2.355677165676794277e-02 2.287277937660393834e-02 -1.328714721331592484e-02 1.050684966313231118e-03 -4.195336475190657166e-02 -4.678011029812831172e-03 -1.192499019796881832e-02 1.555967259895598039e-02 -1.218895777618866222e-02 1.839227733734260031e-02 -2.188200242647725391e-02 7.137853692064191624e-02 -2.563647750607482567e-02 -1.813177615326772713e-02 -8.659725305264999104e-03 2.543617429255018089e-02 2.394972418019350111e-02 1.029467709380795133e-02 -2.578749545352407302e-02
-1.551455873713492549e-02 7.732470145596824496e-03 -1.158712898253031788e-02 6.565345918868968969e-03 -1.708450788860092079e-02 2.812548895522751224e-02 2.098095936398374980e-03 6.215608357021737548e-04 -1.360909914474938906e-03 -3.979643511662338956e-03 5.577479142732981671e-04 5.810419384558287818e-03 -1.603426844033354519e-03 1.147693963541029406e-02 1.815778185822845836e-02 -1.066503585620391659e-02 -1.963103433038359841e-03 3.869988847069446907e-04 -2.081432527394685983e-02 5.304121081939027794e-03
1.173874338478258714e-02 -1.663954188605475028e-03 5.498157725788887368e-02 -1.845798850684247927e-02 1.231620205822435074e-02 -4.879017011901732453e-02 1.437866155135137476e-03 9.930415895627686326e-03 1.681910606535508626e-02 -7.154801909722903475e-03 -4.367735274491389014e-02 -2.464607247861393124e-02 6.567443255010596559e-02 -3.148652394913854791e-02 -6.921621204990881238e-02 2.957435266552587219e-02 1.743650202523585463e-02 2.642348947725001521e-02 3.865297055028257822e-02 -3.097464473285917869e-02
5.286856939982201992e-02 3.121777761461675023e-03 9.356887533843375251e-03 -3.361940138310392547e-03 3.141282116596515184e-02 -9.467490498176437883e-03 -5.823221614289373011e-04 7.767424819957744267e-03 -2.204814173180749074e-03 1.525398546405981950e-02 -3.219980362326414075e-02 -1.157739853719102867e-03 -3.896078978453684782e-02 -2.541440173054539294e-03 -2.617581751801721993e-02 2.459693744803665913e-02 -1.127950830080677591e-02 -1.369976695347288782e-02 2.510303773139992145e-02 3.254919801262013117e-03
-1.883389428331571150e-02 -1.707473390672495026e-02 -3.085110885104732498e-02 7.845507736858335678e-04 1.550693053747840069e-02 1.671181243199123395e-02 -6.906750082309227705e-03 -9.077346233594766819e-03 -3.330197702795697524e-03 9.395662936750478339e-03 3.118134813205594019e-02 1.683787253956147908e-02 -4.250407354555812978e-02 1.042010200648599803e-02 4.248381922640597635e-02 -2.252059942799705672e-02 -7.241247983827613262e-03 -1.757908259137139217e-02 -3.574857846719284304e-02 2.310078466921721210e-02
-2.770751308037031069e-02 -1.438008897198016570e-03 1.491903201766565761e-02 -7.570165641373200437e-03 -1.166501585507664397e-02 -7.901217542651417167e-03 1.029279743429958567e-03 3.227537709895583664e-03 7.891753112865518630e-03 -1.126060192623651660e-02 -1.797270121317714455e-03 -1.899444847037649571e-03 4.343805273510848580e-02 -8.936071515613444594e-03 -8.914014913690485736e-03 -4.072780549267671947e-03 1.048335228546344242e-02 1.819969750648586793e-02 -1.094054417189957960e-02 -8.375278494949943767e-03
-3.129480344562965421e-02 1.656141694909550989e-03 -2.232942535561467656e-02 8.596355529858597938e-03 -2.390546673759723004e-02 2.384130445531059891e-02 -7.100072829629633028e-04 -5.305867208396913143e-03 -4.918349446572586880e-03 -7.012900106803929279e-03 2.794397342779526144e-02 1.113945502029877431e-02 1.880546041121879423e-03 1.311276274615609701e-02 3.460612729821554295e-02 -2.066011960633918135e-02 1.721642048229902284e-03 2.105906908714758226e-03 -2.731748828693144476e-02 8.421514471515892039e-03
-4.771313088642968603e-02 -1.100770971492396125e-02 -4.549441734983143346e-03 -2.528122292626582522e-03 -8.185772853527940179e-03 1.025903907160926123e-02 -7.540661530300676353e-03 -5.084852217197973097e-03 1.083760448971059047e-02 -7.438143199158591887e-03 1.078773345912842525e-02 3.698321091791868884e-03 2.637696655425654860e-02 -2.898136132903998512e-03 1.458811703799752640e-02 -1.603208202079984407e-02 1.386624824395370562e-02 1.010886683683176121e-02 -3.399330157428701732e-02 2.113850171792431860e-03
-5.456135247276059502e-02 -2.952925835015947006e-02 -1.981776532319706394e-02 -2.921541528393938134e-03 8.191712710544979056e-03 -2.232505762598494415e-03 -1.059307876990289027e-02 -1.978729406178951489e-02 7.267287379861539671e-03 -1.313731303950893374e-03 4.251910648359901596e-02 -6.729951320406717076e-04 1.006000258732359445e-02 -3.551321919984795888e-03 3.241226511974879682e-02 -2.978666429627060269e-02 1.245153603807006536e-02 6.379598097054834435e-05 -2.737089429080949432e-02 2.380797593060738140e-03
2.247485302327518683e-02 -1.449586231683865599e-02 6.431304882657872674e-03 -7.373935042841631149e-03 3.568705665028578528e-02 -1.909736730441313757e-02 -3.293970451424524729e-03 -4.501681442303167614e-03 3.299114020642600602e-03 1.264724411734621107e-02 -1.008025817428322840e-02 -9.323773915990133179e-03 -2.121916059378630218e-02 -9.035208218165169392e-03 -1.514177362631672664e-02 8.557299246340466237e-03 -2.751943804011585792e-03 -1.100496119818442607e-02 1.865139748911173040e-02 -1.999740073102250666e-03
-4.030947812225020577e-02 -2.032509874574263756e-02 1.929213839846091391e-02 -1.211598962361010341e-02 2.482833903029075390e-03 -3.334883254630249122e-02 -5.601571732822669368e-03 -8.009474932898908231e-03 1.463715633065723609e-02 -9.698382070742543951e-03 1.316353692842463577e-02 -1.491329949319503134e-02 5.743308316659333917e-02 -2.207169007625411558e-02 -1.461930050926647622e-02 -6.669489084826809439e-03 2.160627351073285754e-02 1.928423442627448178e-02 1.464068967905694622e-03 -1.784305532328971100e-02
-2.352259160409180677e-02 -1.040398085097632257e-02 2.486243698135560498e-04 -3.187884493327125014e-03 -2.190075005780557551e-03 -1.081896346764269976e-02 -2.327550730606820981e-03 -7.138596563154560835e-03 3.446228949508686919e-03 -5.090146344521416857e-03 1.771398638129800113e-02 -3.482015093239466692e-03 2.185542724574941753e-02 -5.907486045610507545e-03 4.715567281958119548e-03 -9.269475204446956870e-03 8.610235186029473881e-03 7.171490334172325211e-03 -3.441108813008281371e-03 -5.100861168031486231e-03
1.062491162187390037e-01 3.344978244395187955e-02 -2.288578501209736007e-02 1.800163787213621136e-02 2.532575331339395608e-02 5.308906975504091436e-02 6.583136155292956294e-03 1.712146247323196452e-02 -2.111124262645603170e-02 2.983629197416635959e-02 -5.750430952283377278e-02 1.723189626253315843e-02 -1.252280172390745072e-01 3.309912301782907962e-02 -5.707538675537134542e-04 3.109998918561254766e-02 -4.119405392712535002e-02 -4.423142035977326025e-02 1.734867267443042024e-02 2.912630852602630938e-02
3.122969263367026196e-02 -2.351062489244612388e-03 -9.840970432070208704e-03 1.199541622851396476e-03 2.660030933748948334e-02 1.217687426287073806e-02 -2.928224286454917617e-03 7.514512157031368695e-04 -3.631439206474695609e-03 1.520179716648127968e-02 -1.543373943684939013e-02 6.757782175051896094e-03 -5.049611798554041325e-02 7.139259040750990486e-03 2.650301437234578710e-03 7.621059233556900722e-03 -1.134997342564971791e-02 -1.879040494327350805e-02 -7.230153949355139003e-04 1.444399803984424378e-02
-7.975821303637349591e-02 -1.770307149324437668e-02 -1.814172787266420811e-02 2.101713602980353427e-03 -2.937746837099785777e-02 6.015724107193642055e-03 -1.974732474941883441e-03 -1.986356102038992419e-02 4.361385336975314581e-03 -1.708090952247437108e-02 5.607184626459602722e-02 -3.414763774812700457e-03 4.907853821291216501e-02 1.163538427765566227e-03 4.186342782583033634e-02 -4.113770733307115651e-02 1.740070320384871222e-02 1.559532735079575613e-02 -3.187180136877364178e-02 -6.653472193922959840e-03
6.693811996500523276e-02 2.273282347695557495e-02 8.038609826943834968e-03 6.087947281004447812e-03 6.483232347529603416e-03 3.488058292709150798e-03 9.326219513451378812e-03 1.121878001810847243e-02 -1.209843695934996292e-02 8.824143283139155788e-03 -3.583533866026548942e-02 -3.045584682500804188e-03 -3.400880883586075015e-02 7.747216470720325043e-03 -2.585236623796742517e-02 2.717418842846137245e-02 -1.681365082896360899e-02 -1.052618269133181669e-02 3.930575847482323942e-02 -1.870359266652624501e-03
-7.815230088036809186e-02 -2.217955071138922457e-02 8.632675326541858901e-03 -1.154306952620566019e-02 -1.521080378447814407e-02 -2.058289667675893692e-02 -7.510075842241665037e-03 -9.760366902635592493e-03 1.591498189737021451e-02 -1.884611945809733236e-02 3.313933596327388320e-02 -3.157398830266084679e-03 7.553748488706561737e-02 -1.751631098463363526e-02 7.402543845925958765e-03 -2.349453106805551861e-02 2.677506617728796570e-02 2.877421105414042918e-02 -2.907156114894578897e-02 -1.221338303067631345e-02
-3.166645521435939442e-02 -2.055951804993013179e-02 -4.403423332483939051e-02 6.105974862193073137e-03 1.206273617420612274e-02 2.825528087568711377e-02 -1.036074238235088103e-02 -1.581435237134782082e-02 -3.713792362973994225e-03 9.272162148138807236e-03 4.205972591287382434e-02 1.758039803713924015e-02 -4.729434162697897237e-02 1.577012690208491608e-02 5.691823492952964580e-02 -3.120353088527980795e-02 -4.710483415818353392e-03 -1.983519984527996535e-02 -4.334765878859989791e-02 2.484073892651312426e-02
3.018787399999332127e-02 -1.458650837545527644e-03 1.595433551158164862e-02 -5.186912253592313934e-03 2.067037266857916014e-02 -2.350788380078605577e-02 -3.372748487640114118e-03 3.128115713937928196e-03 3.013742547574804320e-03 6.205876916079355529e-03 -2.074177174928621553e-02 -6.736077572521633437e-03 -2.936546864250355691e-03 -1.133454805906387516e-02 -3.163517445174700293e-02 2.208301432038184409e-02 1.500734533300940613e-03 -6.938320447218340042e-04 2.845302364063369630e-02 -7.041974527311434424e-03
-8.267944212304652318e-02 -2.237748682873937772e-02 -1.206807310923897932e-02 2.160169189419498240e-04 -2.484522656159971615e-02 -8.185942461430855853e-04 -6.489597101931948719e-03 -2.056924620376352625e-02 8.962661297681317335e-03 -1.705022715741693479e-02 5.062928777090112270e-02 -8.177115952081120964e-03 5.880952244670972773e-02 -4.680410832920895749e-03 3.221607140742650116e-02 -3.725385465013448388e-02 2.509586326270404552e-02 1.986497323601850093e-02 -2.849571665753053082e-02 -1.134159611806203651e-02
-6.104345202460297742e-02 -1.014159418336038621e-02 1.517289274156800784e-03 -2.210278876855880422e-03 -2.601880953011971240e-02 -1.050002269635126086e-02 -4.441298112315725938e-03 -9.097870172139478975e-03 8.926217176225000050e-03 -1.803899103081852556e-02 3.149751862848557821e-02 -4.475206159714496638e-03 6.213385318427597226e-02 -9.386397720362494798e-03 9.910789247028014073e-03 -1.930807159852470506e-02 2.108580990829220583e-02 2.291139142104913623e-02 -1.611787192227733326e-02 -1.290594039504113638e-02
8.800372380166865752e-03 2.884023111801750899e-03 3.227856749327927266e-02 -1.131763318696923405e-02 8.554412333359746878e-03 -1.769290437795108598e-02 -4.109020641570643628e-04 1.246354664180682713e-02 1.221299815358500677e-02 -2.131425829672186582e-03 -3.748784851032518212e-02 -7.124593833397163158e-03 2.782374086049519898e-02 -1.637561759876980313e-02 -3.951031863160116286e-02 1.999577529149377392e-02 7.039401431516697193e-03 1.198383418870449003e-02 7.526522713991313021e-03 -9.434928772742705305e-03
-3.997467438349145558e-02 -2.217718547691334158e-03 2.100629726752026999e-02 -6.143297866808213568e-03 -2.221232447709265909e-02 -1.790072414989453409e-02 -1.864096521663432174e-05 5.045207145131292738e-04 1.222236932796197557e-02 -1.655991729487613778e-02 4.310704092206857005e-03 -1.178185824967968760e-02 6.631718060543102811e-02 -1.555084883967843175e-02 -1.422036106410569031e-02 -4.544764364093040188e-03 1.857853749534461862e-02 2.368709176991758841e-02 -2.987970049392505226e-03 -1.831369935704456331e-02
9.052270713350860434e-03 2.182044915486435963e-02 -6.022557884956589343e-03 8.329479273551333371e-03 -2.192232534139167827e-02 3.278049110562075014e-02 6.164433667468473266e-03 1.253705093453232056e-02 -5.471234305668643341e-03 -2.095731668799976320e-03 -1.488420734781651170e-02 1.300305391935571188e-02 -1.665827698097691045e-02 1.486871965513969149e-02 1.120958749775390409e-02 1.509054774906908730e-03 -1.031767614210572087e-02 -4.557067229053089578e-03 -1.981113929179309854e-02 1.313738816440247238e-02
-4.528580995149040361e-02 -2.141219469873716086e-02 -1.686074863725684977e-02 -4.247056979747481850e-03 5.917588884442425215e-03 -8.152655576755712171e-04 -9.711397621339785263e-03 -1.084017703013044794e-02 5.571170718842513581e-03 -1.664339861385203106e-03 3.432902127571833828e-02 9.514341526493171053e-03 5.126447157387432202e-03 -2.262888246657687556e-03 2.773453002290385966e-02 -2.244724357237228712e-02 7.708479901024238579e-03 1.173602870771727012e-03 -3.235662027465160961e-02 8.356707711229932264e-03
-1.083414593029747158e-01 -2.012930665907204306e-02 1.537938992873790281e-02 -1.072733487423665338e-02 -3.758175475111891206e-02 -1.470490402299007640e-02 -3.393272971367365578e-03 -1.301581526222793557e-02 2.036919747134190162e-02 -3.160229348133406641e-02 3.519207360602853718e-02 -1.357528506445949273e-02 1.186388406188060018e-01 -1.884479357633754223e-02 7.564539665536169910e-03 -3.425866423761603913e-02 3.766176652848497036e-02 4.526989623266191448e-02 -3.342802131126923482e-02 -2.616109375820631355e-02
-4.711145124825374952e-02 -1.942511693420439708e-02 2.086320300799972272e-02 -8.941518738214171078e-03 -1.062575333310929182e-02 -4.118722850071891012e-02 -8.261953634951578560e-04 -1.566440173049006568e-02 1.127208014176426555e-02 -1.685606272167381250e-02 2.550766207236466673e-02 -2.783671870850561864e-02 8.229794120331250518e-02 -2.283579128925941268e-02 -1.658428972969839751e-02 -1.193680761854620798e-02 2.670253145630322594e-02 2.791789084316123951e-02 2.206205722424946225e-02 -3.373354982012911896e-02
1.452310465637964877e-02 5.802386105521217287e-03 1.563677800461112793e-02 -4.408635440472336714e-03 6.760604998924698086e-03 -7.635324131239636103e-03 -2.108093645991222440e-03 8.710804363674233899e-03 5.275116610714843113e-03 3.374493445699547909e-04 -2.697522421661259148e-02 -1.395430070078070700e-04 8.539712299333607898e-03 -7.055019577010174063e-03 -2.685941666262253030e-02 1.777864404317920644e-02 2.245077509066221305e-03 6.456546731638449117e-03 9.375875598216874135e-03 -4.813257392257347736e-03
2.449895750560954558e-02 1.596277473171698550e-03 -1.306314972514766200e-02 3.729733692233256227e-03 1.457339110512926965e-02 8.891347490532207701e-03 -2.350433665179552361e-03 2.191171587621152262e-03 -5.485702210922001505e-03 1.150409676002456250e-02 -2.560412837813958158e-03 8.951186652063680693e-03 -4.558504900300629215e-02 7.310629168586268121e-03 8.373554382812824909e-03 4.568749999581535153e-03 -1.231483010713999536e-02 -1.824824427857676609e-02 -1.352527415206163574e-03 1.388072228759105152e-02
